accuracy: 0.9751243781094527
auc: 0.9806167730355007
classification_report:
  '0':
    f1-score: 0.9723756906077348
    precision: 0.9887640449438202
    recall: 0.9565217391304348
    support: 184.0
  '1':
    f1-score: 0.9773755656108597
    precision: 0.9642857142857143
    recall: 0.9908256880733946
    support: 218.0
  accuracy: 0.9751243781094527
  macro avg:
    f1-score: 0.9748756281092972
    precision: 0.9765248796147672
    recall: 0.9736737136019147
    support: 402.0
  weighted avg:
    f1-score: 0.9750870656094294
    precision: 0.9754897263282305
    recall: 0.9751243781094527
    support: 402.0
confusion_matrix:
- - 176
  - 8
- - 2
  - 216
