accuracy: 0.9825870646766169
auc: 0.9870991704840906
classification_report:
  '0':
    f1-score: 0.9820971867007673
    precision: 0.9896907216494846
    recall: 0.9746192893401016
    support: 197.0
  '1':
    f1-score: 0.9830508474576272
    precision: 0.9759615384615384
    recall: 0.9902439024390244
    support: 205.0
  accuracy: 0.9825870646766169
  macro avg:
    f1-score: 0.9825740170791972
    precision: 0.9828261300555114
    recall: 0.982431595889563
    support: 402.0
  weighted avg:
    f1-score: 0.9825835062409571
    precision: 0.9826895212675718
    recall: 0.9825870646766169
    support: 402.0
confusion_matrix:
- - 192
  - 5
- - 2
  - 203
